0  10  31211.59  0271.75 27  000000.00 043811.3 
0  15  31216.83 -0184.10 19  000000.00 043944.6 
0  20  00000.00  0000.00 00  000000.00 044044.4 
0  25  31207.54  0644.55 28  000000.00 044129.4 
0  30  31205.77 -0131.55 48  000000.00 044237.7 
0  35  00000.00  0000.00 00  000000.00 044309.3 
0  35  31216.78  0155.25 99  000000.00 044323.8 
0  40  31226.16  0052.95 98  000000.00 044409.9 
0  45  31202.86  0126.10 15  000000.00 044538.3 
0  50  31208.51  0000.90 99  000000.00 044732.3 
5  55  31248.35 -0038.75 58  000000.00 044920.0 
5  50  31237.35  0036.40 57  000000.00 045045.1 
5  45  31234.56 -0029.35 48  000000.00 045124.9 
5  40  31227.13  0041.95 67  000000.00 045216.2 
5  35  31217.51 -0073.60 98  000000.00 045303.7 
5  30  31208.46 -0040.45 78  000000.00 045354.4 
5  25  31215.11  0047.85 98  000000.00 045428.6 
5  20  31218.62  0011.55 99  000000.00 045512.3 
10  0  31217.48 -0072.20 99  000000.00 045813.9 
10  5  31212.91 -0024.80 97  000000.00 045938.6 
10  10  31210.54  0046.15 99  000000.00 045957.1 
10  15  31214.46  0005.15 99  000000.00 050018.0 
10  20  31216.35 -0000.45 98  000000.00 050036.8 
10  25  31224.20  0057.10 99  000000.00 050053.9 
10  30  31242.48  0020.45 46  000000.00 050111.3 
10  35  31243.16  0056.05 58  000000.00 050137.7 
10  40  31179.04  0380.00 99  000000.00 050230.3 
10  45  31202.92 -0200.35 37  000000.00 050307.7 

