10.00  0.00  31228.90 55  000000.00 021352.6 
15.00  0.00  31232.61 98  000000.00 021429.9 
20.00  0.00  31233.42 74  000000.00 021503.1 
25.00  0.00  31236.40 43  000000.00 021522.9 
30.00  0.00  31233.82 96  000000.00 021613.4 
35.00  0.00  31231.33 95  000000.00 021652.9 
40.00  0.00  31222.41 99  000000.00 021737.2 
45.00  5.00  31195.32 99  000000.00 022014.7 
40.00  5.00  31217.62 99  000000.00 022241.2 
35.00  5.00  31227.25 99  000000.00 022321.8 
30.00  5.00  31223.47 99  000000.00 022419.6 
25.00  5.00  31223.68 99  000000.00 022536.1 
20.00  5.00  31224.61 99  000000.00 022631.2 
15.00  5.00  31225.35 99  000000.00 022737.8 
10.00  5.00  31221.03 99  000000.00 022814.5 
5.00  5.00  31222.05 99  000000.00 022932.1 
0.00  5.00  31215.37 99  000000.00 023011.8 
5.00  10.00  31221.84 99  000000.00 023249.5 
0.00  10.00  31222.58 99  000000.00 023345.9 
5.00  10.00  31218.69 99  000000.00 023423.6 
10.00  10.00  31217.44 99  000000.00 023509.1 
15.00  10.00  31216.15 99  000000.00 023644.4 
20.00  10.00  31221.56 99  000000.00 023724.8 
25.00  10.00  31226.36 99  000000.00 023803.7 
30.00  10.00  31227.99 99  000000.00 023853.1 
35.00  10.00  31231.48 54  000000.00 023946.5 
40.00  10.00  31229.41 75  000000.00 024043.3 
45.00  10.00  31222.66 33  000000.00 024124.1 
50.00  10.00  31211.32 99  000000.00 024205.7 
55.00  15.00  31212.53 99  000000.00 024758.1 
50.00  15.00  31241.37 99  000000.00 024928.7 
45.00  15.00  31241.58 99  000000.00 024957.7 
40.00  15.00  31242.37 99  000000.00 025023.2 
35.00  15.00  31229.08 99  000000.00 025134.5 
30.00  15.00  31226.15 99  000000.00 025229.0 
25.00  15.00  31224.77 99  000000.00 025258.9 
20.00  15.00  31222.65 99  000000.00 025330.4 
15.00  15.00  31217.64 99  000000.00 025400.9 
10.00  15.00  31216.21 99  000000.00 025430.5 
5.00  15.00  31215.98 99  000000.00 025459.5 
0.00  15.00  31223.45 44  000000.00 025529.1 
0.00  20.00  31221.74 96  000000.00 025758.2 
5.00  20.00  31217.03 99  000000.00 025915.7 
10.00  20.00  31219.63 99  000000.00 030017.3 
15.00  20.00  31233.52 99  000000.00 030047.8 
20.00  20.00  31242.93 99  000000.00 030120.8 
25.00  20.00  31236.41 99  000000.00 030228.7 
30.00  20.00  31227.28 99  000000.00 030314.9 
35.00  20.00  31222.99 99  000000.00 030351.5 
40.00  20.00  31215.60 99  000000.00 030421.9 
45.00  20.00  31215.67 99  000000.00 030430.6 
50.00  20.00  31211.31 99  000000.00 030528.7 
55.00  20.00  31210.72 99  000000.00 030648.0 
60.00  20.00  31214.40 99  000000.00 030716.7 
55.00  25.00  31227.54 99  000000.00 031021.1 
50.00  25.00  31230.23 54  000000.00 031112.1 
45.00  25.00  31216.21 34  000000.00 031142.0 
40.00  25.00  31220.39 95  000000.00 031225.5 
35.00  25.00  31221.60 94  000000.00 031252.6 
30.00  25.00  31227.19 86  000000.00 031322.9 
25.00  25.00  31230.96 33  000000.00 031357.6 
20.00  25.00  31233.12 33  000000.00 031445.1 
15.00  25.00  31230.58 99  000000.00 031519.7 
10.00  25.00  31220.20 85  000000.00 031602.5 
5.00  25.00  31213.29 54  000000.00 031631.9 
0.00  25.00  31218.93 65  000000.00 031706.9 


